   0  72  87  87  77  86  73  70  76  25  42  41  30 104  91 108
  72   0  19  17  13  83  80  57  69  48  31  50  59  48  45  68
  87  19   0  21  11  80  80  56  67  62  46  58  69  31  34  55
  87  17  21   0  24  97  95  72  83  63  46  66  76  51  54  76
  77  13  11  24   0  73  72  48  59  51  36  47  58  35  32  55
  86  83  80  97  73   0  15  26  14  74  75  50  57  65  50  46
  73  80  80  95  72  15   0  24  15  63  67  40  44  71  55  57
  70  57  56  72  48  26  24   0  11  53  50  30  40  49  32  41
  76  69  67  83  59  14  15  11   0  61  61  37  45  56  40  43
  25  48  62  63  51  74  63  53  61   0  17  24  21  80  68  87
  42  31  46  46  36  75  67  50  61  17   0  28  32  67  57  78
  41  50  58  66  47  50  40  30  37  24  28   0  13  66  51  67
  30  59  69  76  58  57  44  40  45  21  32  13   0  79  64  79
 104  48  31  51  35  65  71  49  56  80  67  66  79   0  17  27
  91  45  34  54  32  50  55  32  40  68  57  51  64  17   0  23
 108  68  55  76  55  46  57  41  43  87  78  67  79  27  23   0

10 10 10 10 

54 54 54 54 

0  7.70  7.64  7.49  7.16  6.30  6.19  5.52  5.04  4.16  4.14  3.81  3.56  3.41  3.38  2.20