   0  91  80  90  72  71  85  81  20  45  51
  91   0  32  19  30  97  99  94  75  52  57
  80  32   0  16   9  67  67  62  60  34  33
  90  19  16   0  19  83  82  78  71  46  47
  72  30   9  19   0  67  70  64  53  27  28
  71  97  67  83  67   0  16  14  57  55  44
  85  99  67  82  70  16   0   5  70  63  51
  81  94  62  78  64  14   5   0  65  58  46
  20  75  60  71  53  57  70  65   0  26  31
  45  52  34  46  27  55  63  58  26   0  12
  51  57  33  47  28  44  51  46  31  12   0

10 10 10 10 

54 54 54 54 

0  7.80  6.55  6.06  5.57  5.40  5.32  4.09  3.58  3.02  2.05