   0  75  88  78  84  83  84  94  13  10  15
  75   0  21  20  22  50  50  60  75  75  66
  88  21   0  11   7  70  70  79  91  90  77
  78  20  11   0   5  70  71  80  82  81  66
  84  22   7   5   0  72  72  81  87  86  72
  83  50  70  70  72   0   1  12  75  77  83
  84  50  70  71  72   1   0  11  76  78  84
  94  60  79  80  81  12  11   0  85  88  95
  13  75  91  82  87  75  76  85   0   3  26
  10  75  90  81  86  77  78  88   3   0  23
  15  66  77  66  72  83  84  95  26  23   0

10 10 10 

54 54 54 

0  7.95  7.59  7.16  6.63  5.90  5.43  4.61  4.05  3.07  2.81