   0  83  79  63  84  92  81  79  15  15   7
  83   0   4  20  16  90  84  83  97  67  76
  79   4   0  17  19  90  84  83  94  64  72
  63  20  17   0  23  80  73  71  77  48  56
  84  16  19  23   0  75  70  69  97  69  77
  92  90  90  80  75   0  10  12  96  86  88
  81  84  84  73  70  10   0   2  86  75  78
  79  83  83  71  69  12   2   0  84  73  76
  15  97  94  77  97  96  86  84   0  30  22
  15  67  64  48  69  86  75  73  30   0   8
   7  76  72  56  77  88  78  76  22   8   0

10 10 10 

54 54 54 

0  7.68  7.09  6.97  6.08  5.72  4.89  4.45  3.24  2.92  2.13