   0  67  77  77  74  90  77  91  79  88  88  41  43  25  30  30  94 102 106 108  95
  67   0  10  14  22  23  62  82  76  91  72  35  49  48  56  38  49  70  63  56  59
  77  10   0  13  25  13  68  88  82  97  77  45  59  58  66  48  50  73  63  53  61
  77  14  13   0  12  21  56  75  71  86  65  40  51  55  61  47  37  59  50  42  48
  74  22  25  12   0  33  44  63  59  74  52  34  43  51  54  45  28  48  41  36  37
  90  23  13  21  33   0  77  96  92 107  85  58  71  71  79  61  54  78  65  53  66
  77  62  68  56  44  77   0  20  15  30  12  43  34  53  46  58  36  27  40  51  26
  91  82  88  75  63  96  20   0  13  15  11  62  50  70  61  76  49  30  48  62  36
  79  76  82  71  59  92  15  13   0  15  16  52  39  58  49  65  50  37  52  65  39
  88  91  97  86  74 107  30  15  15   0  25  66  52  70  59  78  63  45  62  77  51
  88  72  77  65  52  85  12  11  16  25   0  55  46  65  58  70  38  21  37  52  25
  41  35  45  40  34  58  43  62  52  66  55   0  16  17  21  15  54  64  66  67  56
  43  49  59  51  43  71  34  50  39  52  46  16   0  20  14  26  55  59  65  70  53
  25  48  58  55  51  71  53  70  58  70  65  17  20   0  13  12  70  77  81  84  70
  30  56  66  61  54  79  46  61  49  59  58  21  14  13   0  24  68  72  79  84  67
  30  38  48  47  45  61  58  76  65  78  70  15  26  12  24   0  67  79  80  80  70
  94  49  50  37  28  54  36  49  50  63  38  54  55  70  68  67   0  24  14  16  13
 102  70  73  59  48  78  27  30  37  45  21  64  59  77  72  79  24   0  18  34  11
 106  63  63  50  41  65  40  48  52  62  37  66  65  81  79  80  14  18   0  16  13
 108  56  53  42  36  53  51  62  65  77  52  67  70  84  84  80  16  34  16   0  26
  95  59  61  48  37  66  26  36  39  51  25  56  53  70  67  70  13  11  13  26   0

10 10 10 10 10 

54 54 54 54 54 

0  7.60  7.23  7.04  6.35  6.21  5.58  5.55  5.32  5.18  4.25  3.46  2.84  2.72  2.68  2.45  2.42  2.34  2.33  2.33  2.04