0  73  52  96  91  83  77  93  70  59  83  
73  0  93  83  96  67  88  57  77  62  58  
52  93  0  78  82  65  94  77  64  87  71  
96  83  78  0  97  69  78  56  54  54  98  
91  96  82  97  0  50  70  66  81  89  91  
83  67  65  69  50  0  59  52  85  98  66  
77  88  94  78  70  59  0  79  65  91  91  
93  57  77  56  66  52  79  0  73  70  60  
70  77  64  54  81  85  65  73  0  72  51  
59  62  87  54  89  98  91  70  72  0  68  
83  58  71  98  91  66  91  60  51  68  0  

10 10 10 

54 54 54 

0  7.74  7.54  7.35  5.35  5.02  4.16  4.06  3.95  2.98  2.64