0  90  64  81  57  82  59  90  59  93  60  
90  0  50  58  74  93  71  66  79  67  62  
64  50  0  95  66  78  81  89  59  76  56  
81  58  95  0  68  53  99  96  88  59  58  
57  74  66  68  0  70  71  53  75  75  97  
82  93  78  53  70  0  57  65  69  86  51  
59  71  81  99  71  57  0  75  71  74  94  
90  66  89  96  53  65  75  0  93  82  83  
59  79  59  88  75  69  71  93  0  85  54  
93  67  76  59  75  86  74  82  85  0  75  
60  62  56  58  97  51  94  83  54  75  0  

10 10 10 10 

54 54 54 54 

0  7.21  6.82  6.70  5.48  5.34  4.90  3.75  3.02  2.82  2.61