0  59  82  60  79  55  91  85  50  78  87  89  73  51  51  96  92  55  68  92  99  
59  0  83  77  62  58  98  58  90  76  90  61  88  91  95  92  57  85  60  73  61  
82  83  0  94  91  67  78  66  99  71  90  59  58  88  74  76  95  54  61  97  72  
60  77  94  0  55  85  53  81  95  95  71  72  52  79  98  72  70  96  64  84  58  
79  62  91  55  0  50  94  69  60  68  67  66  87  74  71  61  53  58  90  81  93  
55  58  67  85  50  0  91  59  91  57  77  71  74  82  61  81  62  50  97  60  91  
91  98  78  53  94  91  0  83  58  50  69  87  57  66  88  65  84  95  86  86  82  
85  58  66  81  69  59  83  0  70  66  65  64  79  56  97  84  97  99  66  66  78  
50  90  99  95  60  91  58  70  0  53  80  55  73  55  73  63  80  70  62  71  62  
78  76  71  95  68  57  50  66  53  0  60  52  59  94  65  69  64  85  58  97  95  
87  90  90  71  67  77  69  65  80  60  0  51  77  77  65  52  52  53  69  94  71  
89  61  59  72  66  71  87  64  55  52  51  0  55  72  97  88  63  83  73  88  61  
73  88  58  52  87  74  57  79  73  59  77  55  0  87  79  89  88  97  73  74  54  
51  91  88  79  74  82  66  56  55  94  77  72  87  0  55  64  54  87  70  67  80  
51  95  74  98  71  61  88  97  73  65  65  97  79  55  0  61  56  81  74  65  93  
96  92  76  72  61  81  65  84  63  69  52  88  89  64  61  0  85  88  72  72  83  
92  57  95  70  53  62  84  97  80  64  52  63  88  54  56  85  0  77  86  91  95  
55  85  54  96  58  50  95  99  70  85  53  83  97  87  81  88  77  0  93  79  77  
68  60  61  64  90  97  86  66  62  58  69  73  73  70  74  72  86  93  0  81  59  
92  73  97  84  81  60  86  66  71  97  94  88  74  67  65  72  91  79  81  0  73  
99  61  72  58  93  91  82  78  62  95  71  61  54  80  93  83  95  77  59  73  0  

10 10 10 10 10 

54 54 54 54 54 

0  7.63  7.13  7.12  6.68  6.59  6.49  5.78  5.46  5.46  5.38  4.70  4.50  4.35  3.42  3.31  3.10  3.05  3.01  2.94  2.10