0  88  56  72  68  88  90  97  64  81  75  81  92  82  70  62  
88  0  50  87  84  84  75  68  71  89  53  74  59  90  81  81  
56  50  0  53  51  70  67  99  72  54  93  95  99  86  98  81  
72  87  53  0  75  85  90  70  54  78  60  90  89  93  59  87  
68  84  51  75  0  80  57  53  92  91  90  82  63  71  62  83  
88  84  70  85  80  0  51  75  96  79  81  93  82  99  76  54  
90  75  67  90  57  51  0  81  64  84  60  69  88  98  73  98  
97  68  99  70  53  75  81  0  92  83  61  72  50  52  80  63  
64  71  72  54  92  96  64  92  0  81  76  73  88  60  59  95  
81  89  54  78  91  79  84  83  81  0  81  52  55  51  92  94  
75  53  93  60  90  81  60  61  76  81  0  77  51  51  74  78  
81  74  95  90  82  93  69  72  73  52  77  0  93  65  65  70  
92  59  99  89  63  82  88  50  88  55  51  93  0  77  61  90  
82  90  86  93  71  99  98  52  60  51  51  65  77  0  79  98  
70  81  98  59  62  76  73  80  59  92  74  65  61  79  0  57  
62  81  81  87  83  54  98  63  95  94  78  70  90  98  57  0  

10 10 10 10 

54 54 54 54 

0  7.28  7.16  6.67  6.24  6.08  5.79  5.56  5.08  5.01  4.58  3.75  3.39  3.32  3.30  2.30