0  70  89  80  62  60  80  94  93  83  81  51  74  87  65  80  
70  0  67  93  88  54  90  79  69  68  57  50  59  70  60  77  
89  67  0  67  92  53  50  94  92  89  95  76  81  59  58  81  
80  93  67  0  97  78  51  96  80  63  75  58  75  60  85  52  
62  88  92  97  0  75  62  66  57  90  74  76  68  84  63  84  
60  54  53  78  75  0  68  95  60  79  95  80  68  80  83  86  
80  90  50  51  62  68  0  81  74  73  67  73  94  51  77  78  
94  79  94  96  66  95  81  0  53  51  98  83  54  69  86  85  
93  69  92  80  57  60  74  53  0  88  97  70  70  59  87  54  
83  68  89  63  90  79  73  51  88  0  58  70  66  68  82  68  
81  57  95  75  74  95  67  98  97  58  0  80  66  76  60  71  
51  50  76  58  76  80  73  83  70  70  80  0  52  78  80  89  
74  59  81  75  68  68  94  54  70  66  66  52  0  85  75  94  
87  70  59  60  84  80  51  69  59  68  76  78  85  0  71  73  
65  60  58  85  63  83  77  86  87  82  60  80  75  71  0  78  
80  77  81  52  84  86  78  85  54  68  71  89  94  73  78  0  

10 10 10 10 

54 54 54 54 

0  7.92  7.83  7.52  6.00  5.67  5.49  5.30  4.78  4.68  4.61  4.15  2.99  2.77  2.76  2.45