   0  66  85  86  91  94  81  64  75  41  29  50  30 109  98 102
  66   0  22  23  25  70  71  59  55  53  39  25  48  66  56  52
  85  22   0  27  12  86  90  80  74  75  60  47  70  75  67  59
  86  23  27   0  18  60  67  61  51  63  57  37  63  48  40  32
  91  25  12  18   0  78  84  76  68  75  64  47  72  65  58  48
  94  70  86  60  78   0  18  31  19  53  70  56  64  28  25  38
  81  71  90  67  84  18   0  17  16  40  61  52  52  45  39  51
  64  59  80  61  76  31  17   0  15  23  44  37  35  53  44  54
  75  55  74  51  68  19  16  15   0  34  51  38  45  38  29  39
  41  53  75  63  75  53  40  23  34   0  25  28  13  71  60  68
  29  39  60  57  64  70  61  44  51  25   0  21  13  81  70  73
  50  25  47  37  47  56  52  37  38  28  21   0  25  62  51  53
  30  48  70  63  72  64  52  35  45  13  13  25   0  79  68  73
 109  66  75  48  65  28  45  53  38  71  81  62  79   0  11  17
  98  56  67  40  58  25  39  44  29  60  70  51  68  11   0  13
 102  52  59  32  48  38  51  54  39  68  73  53  73  17  13   0

10 10 10 

54 54 54 

0  7.85  7.73  7.18  6.47  5.96  5.88  5.11  4.73  4.50  4.48  4.21  3.54  2.88  2.29  2.14