   0  97  66  86  70  73  84  91  66  47  39  30  47  94 101 106
  97   0  32  11  30  61  75  88  81  65  63  78  52  36  53  37
  66  32   0  23  19  53  70  83  67  44  36  52  25  47  62  55
  86  11  23   0  19  52  67  81  72  54  51  67  41  33  49  37
  70  30  19  19   0  36  52  66  53  35  34  49  24  29  43  39
  73  61  53  52  36   0  17  30  22  26  38  43  38  32  30  44
  84  75  70  67  52  17   0  13  21  39  52  54  54  41  32  51
  91  88  83  81  66  30  13   0  26  49  63  62  66  54  42  62
  66  81  67  72  53  22  21  26   0  26  40  36  45  54  50  65
  47  65  44  54  35  26  39  49  26   0  13  18  20  50  54  62
  39  63  36  51  34  38  52  63  40  13   0  16  11  55  62  67
  30  78  52  67  49  43  54  62  36  18  16   0  27  67  71  80
  47  52  25  41  24  38  54  66  45  20  11  27   0  49  58  60
  94  36  47  33  29  32  41  54  54  50  55  67  49   0  17  13
 101  53  62  49  43  30  32  42  50  54  62  71  58  17   0  20
 106  37  55  37  39  44  51  62  65  62  67  80  60  13  20   0

10 10 10 

54 54 54 

0  7.57  7.55  6.45  5.58  4.79  4.77  4.59  4.57  4.10  3.78  3.59  3.47  2.81  2.64  2.19